#GASS    SDSS		      zSDSS    Ton   dv     z	   W50  Werr W50cor Sobs   Serr   rms	 S/N   LogMHI	LogGF	Q   DR
 11834   J000047.89+141639.1  0.0362 	 4   15  0.036162  380   16   359   0.72   0.12   0.67   10.0	 9.62	-1.09	1*   2
 11825   J000210.19+140810.3  0.0420 	43   21  0.042186  419   14   392   0.23   0.04   0.19    8.8	 9.26	-1.36	1    2
 11910   J000632.57+154004.7  0.0370	14   13  0.037052  317    1   300   0.45   0.06   0.41   12.1	 9.43	-0.85   1    3
 11917   J000742.65+151112.7  0.0446 	25   13  0.044594  401    3   378   0.43   0.05   0.30   14.0	 9.58	-1.16	5*   2
 11956   J000820.76+150921.6  0.0395    40   21  0.039654  305   13   284   0.22   0.04   0.19    9.9	 9.18	-0.91	1*   1
 12062   J002556.06+153815.0  0.0365	 5   13  0.036445  255   12   240   1.18   0.09   0.64   22.9	 9.84	-0.25   1*   3
 11989   J002558.89+135545.8  0.0419    48   21  0.041922  249   21   229   0.16   0.03   0.17    9.0	 9.10	-1.59	1*   1
  3163   J002846.83+150529.3  0.0422 	15   21  0.042253  394    2   368   0.48   0.07   0.32   11.5	 9.58	-1.05	1    2
  3151   J003143.05+142911.2  0.0381 	76   13  0.038243  328    9   309   0.13   0.02   0.15    9.5	 8.93	-1.47	1    2
 27181   J003248.17+144738.1  0.0418 	 5   21  0.041922  297   12   275   0.44   0.09   0.50    7.9	 9.53	-1.07	1    2
 27167   J003921.66+142811.5  0.0380 	 5   21  0.038093  246   13   227   0.62   0.10   0.56   10.9	 9.60	-0.77	1*   2
  3189   J004023.48+143649.4  0.0384 	 9   16  0.038583  412   13   389   0.83   0.08   0.44   16.6	 9.74	-0.31	1*   2
 27219   J004125.29+134334.3  0.0332 	19   15  0.033323  339    5   320   0.30   0.05   0.31    9.6	 9.17	-1.04	1    2
  3233   J005134.04+135452.7  0.0392 	10   16  0.039274  266    3   248   0.28   0.06   0.39    7.8	 9.27	-0.95	1    2
  3261   J005532.61+154632.9  0.0375     5   10  0.037449  168    2   157   1.52   0.08   0.81   32.2	 9.97	-0.11	1*   1
  3305   J005709.66+143906.6  0.0494	 5   13  0.049501  403    6   378   1.30   0.13   0.75   16.9	10.15	-0.56   1    3
  3284   J010253.84+141140.3  0.0397	53   16  0.039637  289    7   271   0.23   0.03   0.20   12.3	 9.20	-1.40   1    3
  3439   J010905.96+144520.8  0.0386 	10   13  0.038540  301    2   284   0.54   0.07   0.47   13.2	 9.55	-0.80	1*   2
  3465   J011221.82+150039.0  0.0292 	15   13  0.029224  287    5   273   0.70   0.06   0.41   19.9	 9.42	-0.77	1*   2
  3645   J011501.75+152448.6  0.0307    15   15  0.030745  333    4   316   0.79   0.07   0.43   18.2	 9.51	-0.82	1*   1
  3509   J011711.65+132027.3  0.0484 	35   21  0.048353  444   15   413   0.28   0.05   0.21    9.1	 9.47	-1.34	1*   2
  3524   J011716.09+143720.5  0.0380 	25   16  0.038096  393   15   371   0.43   0.06   0.30   12.9	 9.44	-1.29	1    2
  3519   J011728.11+144215.9  0.0427 	10   16  0.042766  296    6   276   0.42   0.07   0.43   10.2	 9.53	-1.22	1*   2
  3505   J011746.76+131924.5  0.0479    10   13  0.047936  202    3   186   0.79   0.07   0.54   20.2	 9.91	-0.30	1    1
  3666   J011803.07+153224.4  0.0382	10   13  0.038173  295    8   278   0.60   0.07   0.49   14.1	 9.59	-0.66   1*   3
  3504   J011823.44+133728.4  0.0380     5   10  0.038016   55   15    48   0.72   0.06   0.78   27.8	 9.66	-0.50	1*   1
  3777   J012316.81+143932.4  0.0396    10   16  0.039751  261   14   244   0.52   0.07   0.49   11.9	 9.56	-0.70	1*   1
  3792   J012842.03+143633.2  0.0364	15   13  0.036442  416    2   396   0.49   0.07   0.39   11.9	 9.45	-1.36   1    3
 27250   J013006.16+131702.1  0.0380	10   13  0.037986   76    6    67   0.58   0.04   0.53   24.9	 9.57	-0.67   1    3
 27284   J013204.58+153001.2  0.0440	10   13  0.043984  358   12   336   0.74   0.08   0.47   16.2	 9.80	-1.15   1    3
  3851   J013851.94+150258.8  0.0278	15   15  0.028420  380   11   362   0.40   0.07   0.37    9.9	 9.15	-1.44   5*   3
  3819   J014143.18+134032.8  0.0453 	 4   16  0.045365  222   10   205   0.95   0.09   0.61   18.6	 9.94	-0.73	1    2
  3817   J014325.96+135116.8  0.0450     5   13  0.045018  292    3   273   1.62   0.10   0.71   26.2	10.16	 0.09	1*   1
  4111   J014601.79+141421.0  0.0441	 4   13  0.044131  251    4   235   0.61   0.10   0.75   10.0	 9.72	-1.17   1*   3
  4203   J015027.35+141140.0  0.0341 	10   13  0.033997  322    2   305   0.65   0.06   0.39   18.2	 9.52	-0.66	1    2
  4165   J015046.48+134127.5  0.0441	29   16  0.044554  307    1   287   0.25   0.04   0.26    9.8	 9.34	-1.49   5*   3
  4163   J015244.40+131133.3  0.0262	 5   13  0.026201  241    1   229   1.29   0.09   0.69   24.0	 9.59	-0.63   1    3
  4145   J015517.63+125935.5  0.0322 	14   15  0.031855  337   19   319   0.56   0.06   0.32   16.9	 9.40	-0.90	1*   2
  4134   J015606.45+123403.2  0.0445	30   13  0.044484  376   19   354   0.41   0.05   0.29   14.5	 9.55	-1.09   1    3
  4137   J015651.99+131246.0  0.0445 	15   21  0.044561  240   25   220   0.40   0.05   0.31   12.6	 9.54	-1.36	1*   2
  4136   J015703.78+131001.4  0.0323	16   15  0.032649  185   38   172   0.20   0.04   0.31    8.5	 8.97	-1.88   5*   3
  4233   J015707.32+145543.5  0.0433 	 5   16  0.043363  147   13   134   0.54   0.08   0.68   11.6	 9.65	-1.23	5*   2
  4223   J015712.97+144407.6  0.0260 	 8   21  0.025948  429   25   408   0.99   0.10   0.43   16.8	 9.47	-1.09	1*   2
  3918   J015718.40+130745.8  0.0327 	40   15  0.032759  138   35   127   0.12   0.02   0.21    8.7	 8.75	-1.62	1*   2
  4132   J015742.52+132318.8  0.0443	15   16  0.044231  429   18   404   0.65   0.06   0.33   16.5	 9.75	-1.07   1    3
  3917   J015755.84+132129.3  0.0444	20   21  0.044457  227    3   207   0.09   0.04   0.25    3.7	 8.90	-2.05   2*   3
  3936   J015945.90+134652.6  0.0441	18   16  0.044144  248   12   230   0.30   0.05   0.35    9.6	 9.41	-0.71   1*   3
  3960   J020351.38+144534.3  0.0321	 8   13  0.032172  231    7   218   0.61   0.07   0.53   15.1	 9.45	-0.58   1*   3
  3962   J020359.14+141837.3  0.0427     9   21  0.042903  470   18   440   0.67   0.10   0.43   10.2	 9.74	-1.16	1*   1
  3966   J020455.76+140055.4  0.0310	34   13  0.031305  271    7   257   0.18   0.04   0.26    8.1	 8.88	-1.65   5*   3
  4017   J020517.54+133020.6  0.0258 	 5   13  0.025801  130    3   121   0.62   0.06   0.68   16.0	 9.25	-0.98	1    2
  3971   J020552.48+142516.2  0.0426     8   16  0.042670  383   12   360   0.68   0.09   0.47   13.4	 9.74	-0.69	1*   1
  3977   J020744.46+140453.7  0.0324 	 5   13  0.032482  294    1   278   0.70   0.11   0.73   11.1	 9.51	-0.75	1*   2
  4008   J020829.86+124359.9  0.0347	 5   13  0.034677  255    3   240   1.55   0.08   0.61   31.5	 9.91	-0.58   1    3
  4030   J020939.47+135859.4  0.0491 	 5   16  0.049204  137    4   123   0.38   0.07   0.61    9.5	 9.61	-1.72	1*   2
  4038   J021121.82+143015.5  0.0417 	 5   16  0.041729  445   29   419   1.14   0.11   0.58   15.8	 9.94	-0.78	1*   2
  4039   J021131.43+141202.4  0.0254 	10   12  0.025428  308    5   294   1.11   0.07   0.49   25.8	 9.50	-0.82	1*   2
  4048   J021219.38+133645.6  0.0414 	10   16  0.041399  359    8   337   0.71   0.08   0.46   14.6	 9.73	-0.82	1*   2
  3987   J021337.66+132741.5  0.0420	28   13  0.041602  303    3   285   0.26   0.04   0.30    9.9	 9.30	-1.50   5*   3
  4056   J021349.29+135035.7  0.0375	72   16  0.037049  217   17   202   0.08   0.02   0.17    5.3	 8.66	-1.76   2*   3
  3981   J021404.39+131156.3  0.0416 	35   16  0.041766  426    4   402   0.27   0.04   0.23    9.9	 9.32	-1.23	1*   2
  4057   J021419.24+135611.2  0.0397 	10   13  0.039734  350   14   330   1.13   0.09   0.57   21.0	 9.90	-0.62	1*   2
 12069   J073906.01+290936.2  0.0388	 5   13  0.038927  212    5   198   1.50   0.09   0.74   27.6	10.00	-1.13   1    3
 21842   J074533.96+184812.0  0.0450	12   16  0.045075  450    7   423   0.55   0.09   0.44    9.9	 9.70	-1.36   1    3
 51334   J075329.53+140122.8  0.0294	 4   13  0.029414  320    8   304   0.98   0.11   0.76   14.4	 9.57	-0.53   1*   3
 51351   J075457.85+142718.8  0.0293	 8   15  0.029280  523    2   501   1.31   0.12   0.58   15.8	 9.69	-1.32   1    3
 51336   J075617.10+143609.6  0.0474	19   21  0.047309  467    2   436   0.25   0.07   0.29    5.5	 9.39	-1.61   2    3
 51580   J080403.84+150518.4  0.0390	20   16  0.038927  331    2   311   0.21   0.05   0.31    6.7	 9.15	-1.09   1*   3
 14247   J080528.11+355648.1  0.0330	 8   13  0.033040  480    6   458   0.93   0.13   0.71   10.8	 9.65	-1.49   1*   3
 56304   J080534.10+102336.2  0.0340 	 4   13  0.034007  324    1   308   1.67   0.12   0.81   22.6	 9.93	-0.96	1*   2
 51899   J083131.52+192228.3  0.0387	10   13  0.039004  439    4   416   1.08   0.09   0.49   19.7	 9.86	-0.15   5*   3
 52045   J083836.42+173809.2  0.0415	 4   13  0.041499  120    2   109   0.81   0.08   0.83   17.5	 9.79	-0.38   1*   3
 32308   J083934.43+252837.6  0.0292	 8   13  0.029284   89    4    81   0.26   0.05   0.66    8.2	 8.99	-1.03   1*   3
 56509   J085045.27+114839.0  0.0297	15   13  0.029791  411    5   393   1.00   0.08   0.50   19.5	 9.59	-0.89   1*   3
  8096   J085254.99+030908.4  0.0345	 5   15  0.034417  320   29   301   0.92   0.13   0.79   11.7	 9.68	-0.60   1*   3
 19989   J085425.62+081241.0  0.0294	30   15  0.029674  135    9   124   0.12   0.03   0.29    6.4	 8.66	-1.80   1*   3
 52297   J085724.03+204237.9  0.0328	 8   13  0.032899  374    8   356   0.63   0.10   0.63   10.4	 9.48	-1.01   1*   3
 56662   J090254.93+133938.5  0.0299	20   15  0.029924  329   26   312   0.28   0.05   0.31    9.1	 9.04	-1.20   1*   3
 56632   J090437.07+133314.7  0.0281 	 9   21  0.028390  744   10   713   0.68   0.10   0.34    8.4	 9.38	-1.62	2*   2
 20041   J091427.70+080445.9  0.0309	35   15  0.030998  400    6   381   0.33   0.05   0.24   12.1	 9.14	-0.89   5*   3
 20042   J091444.06+083605.3  0.0468	60   16  0.046879  165    6   150   0.11   0.02   0.19    8.2	 9.04	-0.97   1    3
 16753   J091828.43+062003.7  0.0335 	40   13  0.033520  113    4   103   0.08   0.02   0.22    6.6	 8.58	-1.71	1    2
 16815   J091831.34+065223.3  0.0393	20   13  0.039284  368   10   348   0.42   0.05   0.34   12.9	 9.45	-1.18   1    3
 19672   J091929.51+341810.2  0.0458	 5   13  0.045872  461    3   434   1.34   0.16   0.86   13.3	10.10	-0.63   1*   3
 57017   J092229.28+142743.3  0.0323     5   13  0.032266  379    5   361   1.47   0.12   0.75   20.1	 9.83	-0.71	1    1
 32937   J092708.07+292408.2  0.0258	 5   13  0.025831  286    6   272   0.82   0.11   0.81   12.0	 9.38	-1.07   1    3
 32907   J093009.18+285351.3  0.0349	20   15  0.034934  355   13   336   0.42   0.07   0.42    9.6	 9.35	-1.12   1    3
 20133   J093236.58+095025.9  0.0489    15   21  0.048977  299    7   275   0.33   0.06   0.29    9.8	 9.54	-1.32	1*   1
 20144   J093502.01+095512.4  0.0496    15   21  0.049618   94   21    79   0.21   0.04   0.40    8.5	 9.37	-0.69	1*   1
 33214   J093624.28+320445.5  0.0269	20   15  0.027319  256   22   241   0.16   0.05   0.36    5.2	 8.72	-1.62   2*   3
 55745   J093710.07+165837.9  0.0278	 8   21  0.027813  298    6   280   0.25   0.08   0.45    5.1	 8.94	-1.98   2*   3
  8349   J093953.62+034850.2  0.0285	29   15  0.028783  341    4   324   0.18   0.05   0.27    6.6	 8.82	-1.55   1    3
 18702   J095051.58+081340.7  0.0299 	15   15  0.029881  348    4   330   0.48   0.07   0.41   11.1	 9.27	-0.93	1*   2
 22822   J095144.91+353719.6  0.0270	 5   13  0.027185  346    6   331   2.70   0.16   0.99   29.2	 9.94	-0.62   1    3
 18707   J095150.14+082213.8  0.0405 	 8   13  0.040481  314    4   296   0.74   0.09   0.57   14.5	 9.73	-0.84	1*   2
 18673   J095301.79+072736.4  0.0385 	25   21  0.038467  374    2   350   0.33   0.05   0.24   11.0	 9.33	-1.05	1*   2
 18686   J095302.62+075029.3  0.0411 	 5   13  0.041025  363    8   342   2.74   0.10   0.61   46.2	10.31	-0.24	1*   2
 18681   J095324.56+074956.2  0.0393 	14   16  0.039384  443    8   419   0.73   0.08   0.39   15.1	 9.70	-0.97	1*   2
 20292   J095349.23+091137.6  0.0299 	13   15  0.029884  335   15   318   0.40   0.07   0.39   10.3	 9.20	-1.47	1*   2
 20376   J095416.82+103457.5  0.0399	73   16  0.040141  164    1   150   0.06   0.02   0.16    5.4	 8.65	-1.89   2*   3
 20286   J095439.45+092640.7  0.0346    10   15  0.034717  414    3   392   0.57   0.10   0.55    8.9	 9.48	-1.05	1*   1
 20448   J095812.59+110635.5  0.0272 	10   13  0.027312  281    3   267   0.71   0.06   0.46   18.4	 9.37	-0.69	1*   2
 33737   J095851.33+320423.0  0.0270	 4   10  0.026078  232    3   222   2.97   0.10   0.87   50.6	 9.95	-0.74   1*   3
  5035   J100152.69+030040.7  0.0441 	15   21  0.044017  391   50   364   0.43   0.07   0.32   10.4	 9.57	-1.20	1*   2
 14831   J100530.26+054019.4  0.0444     5   21  0.044411  490   20   459   1.03   0.12   0.50   12.8	 9.95	-1.26	1*   1
 18830   J101100.68+085920.7  0.0320 	19   15  0.032102  308    2   291   0.27   0.05   0.29    9.5	 9.08	-1.19	1    2
  8634   J101324.41+050131.7  0.0464	45   13  0.046469  387    3   363   0.30   0.04   0.24   12.6	 9.46	-0.67   1*   3
 18798   J101329.66+075415.5  0.0458 	10   21  0.045521  692   37   651   0.48   0.10   0.36    5.8	 9.64	-1.58	3*   2
 18877   J102025.15+074037.8  0.0452 	15   13  0.045315  501    1   473   0.45   0.08   0.42    8.5	 9.61	-1.36	1    2
 18887   J102055.54+081849.4  0.0458 	15   16  0.045745  529    7   499   0.62   0.08   0.38   10.9	 9.76	-1.00	1    2
 26407   J102138.86+131845.6  0.0461	15   13  0.046205  405    3   381   0.40   0.07   0.38   10.1	 9.58	-1.45   1*   3
 26406   J102149.72+132649.6  0.0322	 4   15  0.032289  361    8   342   0.79   0.15   0.83    9.0	 9.56	-1.20   1*   3
 26320   J102238.71+120517.8  0.0450 	20   16  0.044981  538    2   508   0.42   0.07   0.32    8.7	 9.58	-1.13	1    2
 18862   J102241.20+082003.2  0.0446 	15   16  0.044718  410   24   385   0.54   0.07   0.39   12.0	 9.68	-1.00	1*   2
 22999   J102316.42+115120.4  0.0455    45   21  0.045238  457   22   427   0.38   0.05   0.21   12.5	 9.54	-1.10	1    1
 23026   J102721.97+110447.9  0.0323 	 4   21  0.032379  616    4   587   0.96   0.16   0.58    8.3	 9.65	-1.51	1*   2
 26535   J102727.40+132526.2  0.0315	15   15  0.031589  197   13   184   0.37   0.05   0.40   12.0	 9.22	-0.84   1    3
 23070   J102802.88+104630.4  0.0448	15   21  0.044654  297   19   274   0.18   0.06   0.34    4.8	 9.21	-1.81   2*   3
 55541   J103246.99+211256.3  0.0429	10   13  0.042826  414   12   391   0.89   0.11   0.62   13.8	 9.86	-0.76   1*   3
 26586   J103611.29+131025.3  0.0334	15   13  0.033420  235    9   221   0.38   0.05   0.41   11.9	 9.27	-0.79   1*   3
 23213   J103621.90+115317.0  0.0293	20   13  0.029327  330    9   314   0.38   0.05   0.35   11.8	 9.15	-0.99   1    3
 26569   J103808.15+131737.0  0.0319	25   15  0.032112  298    3   281   0.25   0.04   0.28    9.3	 9.05	-1.20   1    3
 26570   J103905.90+132153.5  0.0325 	30   15  0.032442  217   20   202   0.16   0.03   0.23    8.6	 8.87	-1.13	1    2
 23227   J103913.15+121130.9  0.0479 	10   13  0.047943  592    3   559   1.10   0.11   0.52   13.8	10.05	-1.13	1    2
 15181   J104002.96+060114.0  0.0468     5   10  0.046962  563    5   533   2.25   0.13   0.72   24.4	10.34	-0.84	1*   1
 15211   J104024.66+065137.7  0.0303 	 5   13  0.030338  483    5   462   1.73   0.12   0.64   22.2	 9.84	-1.05	1*   2
 26639   J104046.05+134659.9  0.0317 	40   21  0.031915  428   22   405   0.15   0.04   0.19    5.7	 8.82	-1.42	3*   2
 15166   J104121.14+061644.3  0.0339 	 8   13  0.033913  185    2   172   0.61   0.08   0.67   13.3	 9.49	-0.53	1*   2
 29555   J104145.56+135352.9  0.0316 	15   15  0.031649  322    8   304   0.40   0.05   0.32   12.5	 9.24	-1.14	1*   2
 23315   J104200.74+114648.0  0.0329    50   21  0.033036  289   39   270   0.13   0.04   0.19    6.1	 8.80	-1.65	2*   1
 57099   J104221.91+152134.6  0.0490 	10   16  0.049017  192   16   176   0.31   0.06   0.46    8.6	 9.52	-1.58	1*   2
 15151   J104251.39+055135.5  0.0334 	 8   15  0.033316  459   11   437   0.94   0.11   0.57   12.9	 9.66	-1.33	1*   2
 15257   J104805.79+060114.4  0.0288	24   15  0.028847  237    5   223   0.19   0.04   0.26    8.6	 8.84	-1.25   5*   3
 29505   J104858.81+130058.5  0.0362    20   21  0.036278  338   19   316   0.29   0.05   0.23   10.3	 9.22	-1.54	1*   1
  8945   J105315.29+042003.1  0.0417	25   21  0.041555  492    2   462   0.25   0.06   0.26    6.1	 9.28	-1.55   2*   3
 23445   J105602.37+115219.8  0.0478    20   16  0.048003  235   11   216   0.24   0.05   0.34    8.2	 9.39	-1.61	1*   1
 23496   J105721.59+120611.0  0.0477	 4   13  0.047793  295   12   276   0.99   0.11   0.72   15.7	10.00	-0.16   1*   3
 17640   J105929.94+084233.1  0.0349     4   21  0.034891  459    2   433   0.74   0.14   0.62    8.1	 9.60	-1.44	1*   1
 17635   J105935.53+085536.5  0.0309	29   13  0.030908  407    3   389   0.31   0.05   0.30   10.1	 9.11	-1.37   1    3
 17673   J105958.54+102312.4  0.0363	65   15  0.036722  292    0   274   0.10   0.03   0.17    5.9	 8.77	-1.55   3*   3
  5442   J110032.51+020657.8  0.0394     5   13  0.039494  355    2   335   4.32   0.15   0.97   46.8	10.47	-0.63	1    1
 17622   J110043.97+090243.0  0.0354	18   15  0.035435  323    9   305   0.33   0.06   0.37    9.0	 9.26	-0.79   1*   3
 29624   J110050.33+133551.4  0.0340 	 9   15  0.034080  317    6   299   0.78   0.08   0.48   16.5	 9.60	-0.72	1    2
 34989   J110339.49+315129.4  0.0466	10   13  0.046642  570    2   539   2.01   0.10   0.50   27.6	10.29	-0.75   1    3
 47896   J110851.20+282832.5  0.0363 	 4   13  0.036432  480   13   457   3.17   0.15   0.82   32.0	10.27	-0.85	1    2
 48356   J111113.19+284147.0  0.0287	 4   15  0.029177  361   65   343   0.70   0.12   0.67   10.1	 9.42	-1.83   5*   3
 12371   J111306.40+051403.0  0.0432     5   21  0.043180  390    1   364   0.91   0.15   0.68   10.4	 9.87	-0.93	1*   1
 17824   J111404.85+090924.0  0.0342	29   13  0.034214  332    4   315   0.28   0.05   0.31   10.1	 9.17	-0.94   1    3
 12318   J111443.35+040128.2  0.0417 	 8   21  0.041272  469    1   440   0.39   0.09   0.38    6.6	 9.46	-1.75	2*   2
  5701   J111509.40+024156.4  0.0442	20   13  0.044244  459    8   434   0.80   0.07   0.40   17.0	 9.84	-0.88   1*   3
 48521   J111738.91+263506.0  0.0475	19   13  0.047483  185    2   171   0.25   0.04   0.34   10.5	 9.39	-0.90   1*   3
 48518   J111750.72+263927.0  0.0285	25   15  0.027409  657   39   632   0.91   0.07   0.29   17.1	 9.48	-0.94   5*   3
 24496   J111809.91+074653.9  0.0421	10   21  0.042109  395   14   369   0.76   0.08   0.38   15.6	 9.77	-0.83   1*   3
 12293   J112029.23+040742.1  0.0496 	 5   21  0.049618  553    3   516   0.53   0.14   0.54    5.4	 9.76	-1.56	2    2
 29842   J112131.76+132535.7  0.0341     8   15  0.034137  490    2   466   0.70   0.10   0.48   10.7	 9.55	-1.25	1*   1
  5848   J112142.43+033424.5  0.0391	10   13  0.039110  374    1   354   0.89   0.10   0.62   14.6	 9.78	-0.66   1    3
 23703   J112731.58+120834.3  0.0459	35   13  0.046082  461    7   434   0.42   0.05   0.27   12.9	 9.59	-1.15   1*   3
 48604   J112746.27+265734.5  0.0334	 5   13  0.033400  377    4   359   1.22   0.11   0.70   17.8	 9.78	-0.82   1*   3
 29892   J112946.35+152001.1  0.0366 	 5   21  0.036976  695   11   660   1.31   0.15   0.51   11.3	 9.90	-1.12	5*   2
  6015   J113524.48+021627.3  0.0289	20   13  0.028967  267    1   253   0.41   0.07   0.53    9.4	 9.18	-1.05   1*   3
 23757   J113645.51+132009.9  0.0342 	15   15  0.034140  394   26   374   0.40   0.06   0.34   10.7	 9.32	-1.19	1*   2
 23739   J113706.07+115237.7  0.0358	12   15  0.035465  321    1   302   0.32   0.06   0.38    8.5	 9.25	-1.65   1*   3
 23789   J114144.66+122937.1  0.0342	55   15  0.034194  420    5   399   0.16   0.04   0.20    6.9	 8.92	-1.49   5*   3
 23781   J114212.30+113041.1  0.0432	15   16  0.042980  438    8   413   0.58   0.07   0.36   13.2	 9.67	-0.95   5*   3
 48994   J114218.00+301349.0  0.0322	 5   10  0.032286  392    4   375   4.41   0.17   1.15   43.2	10.31	-0.42   1*   3
 18087   J114940.66+094255.1  0.0352 	30   15  0.035221  312    1   294   0.17   0.04   0.23    7.5	 8.97	-1.42	1*   2
 23815   J115036.65+112151.9  0.0306	20   13  0.030651  323    1   307   0.49   0.05   0.36   14.9	 9.30	-0.93   1*   3
 18084   J115112.59+085311.6  0.0351	60   15  0.035164  282    9   265   0.12   0.03   0.18    7.3	 8.82	-1.52   1*   3
 49433   J115536.63+292104.4  0.0458	49   21  0.045765  290   15   267   0.20   0.03   0.16   11.0	 9.27	-1.18   1    3
 49386   J115913.81+305325.8  0.0294	27   15  0.029527  281    9   266   0.29   0.04   0.27   11.6	 9.04	-1.49   1*   3
 18138   J120239.51+085624.2  0.0347	30   21  0.034827  454    4   429   0.16   0.05   0.21    5.2	 8.94	-1.70   2*   3
 49727   J120445.20+311132.9  0.0250	10   15  0.025875  610   36   587   1.56   0.11   0.47   19.7	 9.66	-0.61   5*   3
 18131   J120445.85+092521.1  0.0353	55   15  0.035668   68    2    58   0.05   0.01   0.18    6.0	 8.44	-1.90   2*   3
 18225   J120511.42+103341.0  0.0334	54   15  0.033446  191    8   178   0.08   0.03   0.19    5.3	 8.59	-1.55   2*   3
 30175   J121602.67+141121.8  0.0254    15   20  0.025448  275    2   259   0.19   0.06   0.33    5.5	 8.74	-2.00	2*   1
 24168   J121612.36+132615.4  0.0260 	15   13  0.026108  459    8   442   0.89   0.07   0.38   20.3	 9.42	-1.02	1    2
 24740   J121718.89+084332.7  0.0492    90   21  0.049141  246   27   224   0.08   0.02   0.13    6.1	 8.93	-1.27	2*   1
 24741   J121750.81+082549.0  0.0492     5   16  0.049231  434   11   406   1.21   0.12   0.60   16.4	10.11	-0.80	1    1
 18335   J121853.94+100010.1  0.0431    20   21  0.043237  513    2   482   0.46   0.06   0.26   10.5	 9.58	-1.29	1    1
 18421   J122006.47+100429.2  0.0434    30   21  0.043233  344    9   320   0.19   0.05   0.24    6.6	 9.20	-1.40	1*   1
 18279   J122023.10+085137.0  0.0488     5   21  0.048911  362   11   335   0.63   0.11   0.54    9.5	 9.83	-0.77	5*   1
 24757   J122048.14+084214.4  0.0494     5   10  0.049418   70    3    62   1.02   0.05   0.75   35.9	10.04	-0.00	1    1
 30338   J122319.58+141813.4  0.0418    14   21  0.041916  543   13   511   0.56   0.08   0.31   10.3	 9.64	-1.31	1    1
 28057   J122532.62+080301.4  0.0381 	10   13  0.038136  221    2   207   0.38   0.06   0.49   10.3	 9.39	-0.91	1    2
  6375   J122727.61+031807.6  0.0488     5   13  0.049067  501    6   471   2.75   0.15   0.79   27.3	10.47	-0.58	1*   1
 28062   J122800.84+081108.1  0.0377	30   16  0.037733  336   17   316   0.29   0.05   0.27   10.5	 9.26	-1.44   5*   3
 18469   J123251.49+084423.9  0.0338    10   13  0.033793  223    5   210   0.52   0.06   0.49   14.2	 9.42	-0.73	1    1
 50404   J123409.10+280750.5  0.0400	45   13  0.039994  139    7   128   0.14   0.02   0.24    9.6	 8.99	-1.56   1*   3
 18581   J123443.54+090016.8  0.0430    10   21  0.042996  337   26   313   0.91   0.07   0.38   20.3	 9.87	-0.70	1*   1
 30401   J123445.19+143326.5  0.0465     5   16  0.046472  237    7   219   0.87   0.10   0.67   15.1	 9.92	-0.58	1*   1
 18576   J123625.93+085639.7  0.0277 	24   21  0.027709  328    4   309   0.18   0.05   0.24    6.2	 8.77	-1.49	1    2
 50406   J123653.92+274456.8  0.0258	15   13  0.025781  232   12   220   0.37   0.05   0.42   11.6	 9.04	-1.37   1*   3
 28143   J123711.40+083929.8  0.0283     5   13  0.028270  349    1   334   1.16   0.11   0.67   18.3	 9.61	-0.69	1    1
 24437   J123949.27+133256.8  0.0466 	10   13  0.046425  552   22   521   1.93   0.10   0.50   27.2	10.27	-0.40	5*   2
 12983   J124032.46+052119.9  0.0466    20   21  0.046706  440   40   410   0.47   0.07   0.31   10.7	 9.66	-1.38	1*   1
 50550   J124128.01+284728.3  0.0350	 9   15  0.035114  302    2   285   0.48   0.08   0.47   10.6	 9.42	-0.87   1    3
 28482   J124307.28+111243.1  0.0282 	 5   13  0.028183  357    3   341   1.70   0.11   0.70   25.8	 9.77	-0.46	5*   2
  6506   J124309.36+033452.2  0.0487    10   16  0.048747  377    5   352   0.86   0.09   0.48   16.4	 9.96	-0.81	1*   1
 40393   J124723.17+081732.6  0.0485    20   21  0.048690  159   40   142   0.25   0.03   0.24   12.5	 9.42	-1.05	1*   1
 26822   J125129.06+134654.5  0.0376     5   16  0.037499  432    4   409   1.24   0.11   0.57   18.1	 9.88	-1.15	1*   1
 40495   J125626.93+093604.5  0.0459	24   21  0.046039  297   33   274   0.14   0.05   0.26    4.7	 9.11	-1.81   2*   3
 40494   J125704.49+103714.5  0.0463     8   16  0.046345  350    6   327   0.95   0.08   0.44   20.6	 9.96	-1.20	1*   1
 40502   J125752.83+101754.6  0.0363	10   13  0.036272  344    5   325   0.90   0.10   0.64   15.0	 9.72	-0.47   1*   3
 28526   J125828.59+112535.3  0.0487     9   16  0.048697  301    3   280   0.51   0.09   0.53    9.7	 9.73	-0.59	1*   1
 13227   J125950.03+050251.2  0.0483     8   21  0.048353  313   38   289   0.44   0.10   0.50    7.8	 9.66	-1.56	2*   1
 35437   J130125.07+284038.0  0.0291	10   13  0.029200  136    6   126   0.42   0.05   0.52   13.7	 9.19	-1.04   1    3
  6679   J130210.77+030623.6  0.0472	20   13  0.047236  275   10   256   0.47   0.05   0.38   14.6	 9.67	-1.36   1*   3
 25167   J130256.89+125250.0  0.0362 	10   13  0.036205  432    2   411   0.92   0.08   0.48   17.5	 9.72	-0.77	1    2
 40425   J130404.23+084820.6  0.0358 	 4   15  0.035708  316   11   297   0.72   0.11   0.69   10.5	 9.61	-0.56	1*   2
 13158   J130454.21+034928.1  0.0410 	10   10  0.040918  246   12   231   1.69   0.07   0.61   39.0	10.10	-0.71	1*   2
 13159   J130525.44+035929.7  0.0437	80   16  0.043717  286   12   266   0.28   0.03   0.20   15.1	 9.38	-0.99   1*   3
 40647   J130624.82+095635.8  0.0487	60   13  0.048734  363    8   340   0.26   0.03   0.20   13.4	 9.44	-1.29   1    3
  6749   J130750.80+031140.7  0.0386 	 9   16  0.038443  462    5   438   1.03   0.11   0.56   14.3	 9.83	-1.29	1*   2
 25215   J131032.19+110121.0  0.0427	 5   13  0.042796  395    4   372   0.59   0.12   0.69    8.5	 9.68	-0.91   1*   3
 40781   J131934.30+102717.5  0.0480    12   21  0.047963  509   16   475   0.88   0.09   0.35   15.1	 9.95	-1.15	1*   1
 44354   J132050.70+313700.6  0.0448	 5   13  0.044821  298    6   279   1.76   0.10   0.67   30.0	10.19	-0.49   1    3
 51150   J132259.87+270659.1  0.0345	10   15  0.034400  259   20   243   0.42   0.07   0.44   10.7	 9.34	-1.46   1*   3
 25296   J132357.45+120233.3  0.0390 	 8   21  0.039157  536    4   505   0.89   0.11   0.44   11.8	 9.78	-1.23	1*   2
 51161   J132522.77+271456.7  0.0345	 5   15  0.034577  260    6   244   0.61   0.11   0.76    8.9	 9.50	-0.65   1*   3
 40024   J133338.20+131409.6  0.0432    10   21  0.043220  605   57   570   1.03   0.09   0.32   16.3	 9.93	-1.23	1*   1
 40007   J133542.39+131951.2  0.0428     5   16  0.042516  450   15   424   1.39   0.12   0.60   18.6	10.05	-1.02	5*   1
 43963   J134142.40+300731.5  0.0370	 5   13  0.037112  309    9   292   1.14   0.11   0.71   18.1	 9.84	-1.21   1    3
 51190   J134404.06+253948.6  0.0486 	10   16  0.048554  515   26   484   1.07   0.09   0.41   18.1	10.05	-0.98	1*   2
  7031   J134647.18+020712.1  0.0331    15   21  0.033150  386    4   363   0.27   0.07   0.34    6.3	 9.12	-1.48	1    1
 38018   J134834.19+245329.2  0.0297	 4   13  0.029694  344    3   328   0.72   0.11   0.73   10.7	 9.45	-0.63   1    3
  7058   J135032.13+031138.9  0.0324     9   21  0.032442  168    6   153   0.47   0.08   0.55   10.3	 9.34	-1.50	1    1
  7025   J135033.80+021355.9  0.0422    10   16  0.042042  435   20   410   1.22   0.11   0.55   18.3	 9.98	-0.74	1*   1
 13624   J135152.41+032718.0  0.0296 	 5   13  0.029634  294    1   279   4.09   0.11   0.76   62.9	10.20	-0.11	1    2
 35981   J135308.35+354250.5  0.0411	 5    5  0.041152  376    3   359   3.45   0.14   1.33   42.2	10.41	 0.11   1    3
 44856   J135411.14+243322.5  0.0286	25   15  0.028646  301   18   285   0.49   0.05   0.29   17.8	 9.25	-0.80   1*   3
 44846   J135512.58+250117.1  0.0310 	 4   15  0.031065  339    3   321   0.72   0.12   0.70   10.2	 9.49	-1.51	1*   2
 13618   J135622.01+043710.6  0.0339	49   15  0.033857  226   12   211   0.10   0.03   0.21    6.0	 8.72	-1.48   3*   3
 13674   J135815.23+035953.8  0.0300	 4   21  0.030004  289   11   270   0.78   0.12   0.67   10.6	 9.49	-0.61   1*   3
 40260   J135827.10+132904.7  0.0388 	25   21  0.039140  683    4   647   0.43   0.07   0.25    7.8	 9.47	-1.30	5*   2
  9301   J140316.98+042147.4  0.0462     4   21  0.046175  345   10   319   0.78   0.13   0.66    9.8	 9.87	-1.46	1    1
  9317   J140430.25+050629.4  0.0295	 5   13  0.029490  170    9   159   0.65   0.07   0.66   15.0	 9.39	-0.65   1    3
 38458   J140603.77+123016.2  0.0387	80   21  0.038176  693   15   658   0.29   0.03   0.12   10.6	 9.27	-1.14   5*   3
  7121   J140642.63+015452.2  0.0472	85   21  0.047163  323    4   298   0.08   0.03   0.17    4.2	 8.91	-1.33   2*   3
 41303   J140741.05+094835.8  0.0374 	20   16  0.037573  184    6   170   0.15   0.04   0.29    6.7	 8.96	-1.27	5*   2
  9287   J140836.94+032522.6  0.0404     5   21  0.040505  346    5   323   1.06   0.11   0.55   15.9	 9.88	-1.06	1    1
 38538   J141119.35+113105.1  0.0385 	45   16  0.038607  170    3   156   0.14   0.03   0.22    8.8	 8.97	-1.16	1*   2
 38546   J141229.86+111425.9  0.0282 	 8   15  0.028260  529   19   507   0.83   0.11   0.53   10.8	 9.47	-1.56	1    2
  9384   J141509.84+042840.4  0.0491     5   16  0.049154  413   10   386   0.75   0.10   0.54   12.1	 9.91	-0.88	1    1
 38462   J141545.94+102619.8  0.0258    15   21  0.025861  316   22   298   0.23   0.06   0.33    6.0	 8.82	-1.93	2*   1
  9343   J141648.38+033748.2  0.0493    10   21  0.049461  371   21   343   0.89   0.09   0.41   17.1	 9.99	-0.73	1*   1
 45254   J141830.77+291012.3  0.0349	 9   15  0.034914  401   20   380   0.85   0.09   0.46   16.4	 9.66	-1.37   1    3
 30854   J141833.16+071712.4  0.0257 	15   13  0.025698  327    4   313   0.64   0.06   0.38   19.0	 9.27	-0.89	1*   2
  7405   J141837.70+020245.4  0.0256	10   12  0.025494  381   12   366   1.34   0.09   0.58   23.6	 9.58	-0.95   1*   3
  9514   J142209.71+043116.1  0.0267     4   21  0.026698  390   46   369   1.16   0.13   0.60   15.4	 9.56	-0.95	1*   1
  9463   J142505.50+031359.3  0.0356    20   21  0.035398  458   84   432   0.26   0.06   0.28    6.2	 9.15	-1.64	3*   1
  7499   J142632.10+024506.0  0.0394     5   10  0.039401  409    2   388   2.00   0.13   0.82   26.4	10.14	-0.62	1    1
  7493   J142720.13+025018.1  0.0264     5   21  0.026101  266   45   249   0.87   0.12   0.57   14.6	 9.41	-1.15	1*   1
 28703   J142802.34+120134.9  0.0267	15   13  0.026712  290    7   277   0.37   0.06   0.41   10.5	 9.06	-1.10   1*   3
  9619   J142833.30+031543.1  0.0277     4   15  0.027753  568    2   545   1.59   0.19   0.87   11.7	 9.73	-1.31	1*   1
  9615   J143001.87+032352.1  0.0333	20   13  0.033333  274    2   259   0.52   0.06   0.41   15.1	 9.41	-0.74   1*   3
  7509   J143019.95+030529.0  0.0312    15   21  0.031208  321   21   301   0.28   0.06   0.33    7.5	 9.08	-1.43	1*   1
  9604   J143052.86+031608.2  0.0316     5   13  0.031702  416    5   397   1.71   0.13   0.75   21.7	 9.88	-0.92	1    1
 38198   J143134.60+244053.6  0.0378	10   13  0.037903  444    3   421   0.79   0.08   0.47   14.8	 9.70	-0.95   1*   3
  7520   J143314.34+023909.6  0.0291 	15   21  0.029100  462   40   438   0.64   0.08   0.36   12.0	 9.37	-1.43	1*   2
  7561   J143335.68+023819.3  0.0283    10   10  0.028303  393    2   377   1.87   0.09   0.61   35.1	 9.82	-0.77	1    1
  9814   J143348.34+035724.7  0.0293    10   21  0.029490  280   10   262   0.50   0.09   0.48    9.7	 9.28	-1.59	1*   1
  9585   J143419.01+033951.7  0.0336 	 8   21  0.033633  561    1   533   0.51   0.13   0.49    5.7	 9.40	-1.64	3*   2
  9776   J143446.68+032029.7  0.0276     4   21  0.027349  345    2   326   0.68   0.12   0.61    9.3	 9.35	-1.69	1*   1
  9572   J143535.74+034121.2  0.0280    10   15  0.027879  333    3   317   0.78   0.08   0.50   15.5	 9.43	-1.23	1    1
 46068   J143709.53+251503.0  0.0340 	 4   21  0.034030  705    9   672   0.93   0.17   0.58    7.1	 9.68	-1.72	1*   2
 31095   J143749.60+064454.3  0.0290	 4   13  0.028963  258    5   245   1.10   0.11   0.85   16.0	 9.61	-0.47   1*   3
 41703   J144119.18+085256.5  0.0294 	28   21  0.029490  247   15   230   0.12   0.04   0.23    5.2	 8.66	-1.50	2    2
  9938   J144140.50+040347.1  0.0275	20   13  0.027482  123    0   114   0.16   0.04   0.41    6.9	 8.71	-1.37   1    3
 41699   J144213.77+084036.0  0.0341	12   15  0.034344   65    1    56   0.08   0.03   0.35    5.1	 8.62	-2.30   2    3
  9942   J144325.65+042244.6  0.0264	 9   21  0.026518  544    2   520   0.29   0.10   0.40    4.2	 8.95	-1.87   3*   3
 41718   J144338.96+083350.7  0.0346	50   15  0.035164  112    5   101   0.12   0.02   0.20    9.9	 8.81	-1.65   1*   3
 29205   J144551.55+100910.4  0.0375 	15   16  0.037553  326    5   307   0.45   0.06   0.34   13.0	 9.44	-0.67	1    2
  9863   J144725.16+032627.9  0.0274    14   10  0.027389  336    2   322   2.73   0.07   0.50   67.2	 9.95	-0.57	1    1
 38751   J144734.58+091351.7  0.0290    10   15  0.029043  334    2   317   0.95   0.09   0.51   18.3	 9.54	-0.66	1    1
 38758   J144743.50+093217.4  0.0291     8   21  0.029340  381    8   360   0.55   0.09   0.44   10.0	 9.32	-1.46	1*   1
 38752   J144759.39+092534.4  0.0288     5   15  0.028793  222    3   208   1.00   0.10   0.69   17.6	 9.56	-0.74	1    1
 38748   J144859.36+093017.1  0.0467    50   21  0.046889  510    5   477   0.17   0.04   0.18    5.6	 9.21	-1.69	2    1
 38717   J144929.32+090445.1  0.0405    10   13  0.040711  317    5   299   0.76   0.08   0.50   16.9	 9.75	-0.66	1*   1
 38716   J145008.03+090445.8  0.0500     5   13  0.049965  317    3   296   1.16   0.10   0.65   19.6	10.11	 0.05	1    1
 38718   J145009.95+091241.5  0.0291     5   21  0.029103  186    5   170   0.36   0.07   0.50    8.2	 9.13	-0.92	1    1
 10032   J145024.11+043655.2  0.0468	51   16  0.046652  369   14   345   0.26   0.04   0.20   12.2	 9.40	-1.42   1*   3
 38703   J145029.39+085937.7  0.0401     5   21  0.040121  225   12   206   0.40   0.08   0.51    8.1	 9.45	-0.83	1*   1
 38732   J145033.16+093742.2  0.0499 	18   21  0.050228  494    5   460   0.28   0.08   0.32    5.4	 9.49	-1.59	3*   2
 38706   J145129.30+092005.9  0.0293 	 5   15  0.029310  173   51   160   0.57   0.10   0.67   11.9	 9.33	-1.63	5*   2
 10019   J145153.39+032147.7  0.0308     5   10  0.030815  354    1   339   4.11   0.11   0.80   61.5	10.23	-0.45	1*   1
 10010   J145233.83+030840.5  0.0277     5   13  0.027769  442    2   424   3.25   0.13   0.75   39.0	10.04	-0.78	1    1
 42233   J145304.36+310406.0  0.0323	15   13  0.032279  360    9   343   0.57   0.07   0.41   14.7	 9.42	-1.07   1*   3
 10005   J145307.29+033217.4  0.0334	50   21  0.033306  362    2   340   0.12   0.04   0.17    5.9	 8.78	-1.69   2*   3
 42191   J145403.73+305046.4  0.0320	40   15  0.031869  206   44   192   0.15   0.04   0.25    7.4	 8.82	-1.30   1*   3
 41783   J145730.93+082326.3  0.0371 	10   21  0.037032  587   65   556   0.83   0.10   0.37   11.7	 9.70	-1.39	2*   2
 38923   J145758.08+110027.4  0.0479 	20   16  0.047967  429    3   402   0.47   0.07   0.34   11.3	 9.68	-1.36	1*   2
 10132   J145805.70+031745.7  0.0443    12   21  0.044397  419    7   391   0.53   0.08   0.35   10.9	 9.66	-1.39	5*   1
 10145   J145806.39+040603.6  0.0444    10   21  0.044464  300    4   277   0.49   0.07   0.36   12.0	 9.63	-1.43	1    1
 41793   J145841.32+075905.9  0.0376 	 4   27  0.037633  350    7   324   0.32   0.11   0.47    4.9	 9.30	-1.95	3*   2
 41743   J150204.10+064922.9  0.0462	20   13  0.046269  345    3   324   0.42   0.06   0.37   12.1	 9.60	-0.85   1    3
 38964   J150216.35+115503.2  0.0322     9   21  0.032329  666    2   635   0.39   0.11   0.39    4.8	 9.26	-2.01	2*   1
 39082   J150721.51+095541.0  0.0352	 9   15  0.035525  273    7   256   0.29   0.08   0.50    6.4	 9.21	-1.81   2*   3
 41869   J150921.50+070439.8  0.0414	29   13  0.041479  314    2   296   0.25   0.04   0.29    9.9	 9.29	-0.86   1*   3
 41863   J151028.90+072455.4  0.0322	 5   13  0.032382  365    7   347   1.40   0.10   0.65   22.3	 9.81	-0.30   5*   3
 10218   J151140.36+034034.2  0.0464     5   10  0.046345  233    2   218   1.85   0.09   0.81   33.3	10.25	-0.51	1    1
 42015   J151201.77+061309.3  0.0462     5   16  0.046172  178   11   163   0.76   0.12   0.92   11.1	 9.86	-0.32	1*   1
  7813   J151243.59+012752.2  0.0293	12   13  0.029083  245   12   232   0.51   0.08   0.58   11.1	 9.27	-1.52   1*   3
 42025   J151507.55+070116.5  0.0367    12   15  0.036712  409    3   387   0.49   0.07   0.39   11.0	 9.47	-1.40	1    1
 41969   J151531.54+062213.3  0.0351     5    5  0.035088  109    1   103   3.50   0.07   1.21   87.7	10.28	-0.14	1*   1
 42141   J151619.14+070944.4  0.0360     8   15  0.036055  358    4   338   0.96   0.09   0.54   16.8	 9.74	-1.23	1    1
 41970   J151630.15+061408.6  0.0458    25   21  0.045798  438    4   409   0.35   0.06   0.28    8.6	 9.51	-1.14	1*   1
 42167   J151853.66+073433.3  0.0369    64   21  0.036929  208    5   191   0.08   0.02   0.14    6.0	 8.66	-1.73	1*   1
 39595   J152716.72+100240.2  0.0435     2   21  0.043447  381   21   355   1.32   0.23   1.09    9.5	10.04	-0.83	1*   1
 39567   J152747.42+093729.6  0.0312    20   21  0.031252  353    7   332   0.22   0.06   0.28    6.5	 8.98	-1.59	1*   1
 46678   J153339.97+242416.8  0.0434 	10   21  0.043497  249    2   229   0.26   0.08   0.44    5.7	 9.33	-1.86	2    2
 26980   J154010.48+060427.8  0.0484     9   16  0.048300  307    2   286   0.57   0.09   0.55   10.5	 9.77	-0.32	1    1
 42287   J154245.88+245909.9  0.0336 	 4   21  0.033703  588    1   558   0.86   0.18   0.67    6.8	 9.64	-1.55	1*   2
 28317   J154408.13+274024.3  0.0316	20   13  0.031915  218    2   205   0.28   0.05   0.38    9.9	 9.09	-0.98   1*   3
 47221   J154902.67+175625.5  0.0318    14   21  0.031792  283   30   265   0.42   0.07   0.39   10.0	 9.27	-1.27	1*   1
 42402   J155125.21+254539.0  0.0460     5   13  0.046055  525    3   495   3.33   0.13   0.69   36.1	10.50	-0.53	1    1
 25721   J155506.74+093023.0  0.0341	44   21  0.034207  341    3   319   0.15   0.04   0.20    6.1	 8.88	-1.21   2*   3
 31156   J155752.01+041544.3  0.0258     4   15  0.025791  213    3   200   0.85   0.10   0.72   14.6	 9.39	-1.29	1*   1
 29487   J155754.56+092435.7  0.0428    10   16  0.042860  232    8   215   0.30   0.07   0.52    6.9	 9.39	-1.78	2*   1
 47405   J155928.62+201303.1  0.0491    10   16  0.049134  214   17   196   0.76   0.07   0.50   18.6	 9.91	-0.47	1*   1
 10831   J220322.59+123857.6  0.0273 	10   15  0.026895  700   41   675   2.51   0.13   0.52   25.0	 9.90	-0.56	5*   2
 10856   J220330.28+123938.9  0.0264 	 5   13  0.026538  465   13   446   2.82   0.14   0.76   31.9	 9.94	-0.84	5*   2
 10850   J220538.79+122521.3  0.0355 	10   15  0.035461  298   18   281   0.54   0.08   0.48   11.7	 9.48	-0.80	1*   2
 10841   J221111.69+114802.6  0.0270 	 5   15  0.027039  308   10   292   0.63   0.09   0.58   11.2	 9.30	-1.06	1    2
 10885   J221212.48+121218.6  0.0275 	15   13  0.027579  208    3   196   0.39   0.05   0.42   12.9	 9.11	-0.93	1    2
 10889   J221236.07+140103.9  0.0266 	10   15  0.026598  310   14   295   1.04   0.07   0.44   24.7	 9.51	-0.94	5*   2
 10844   J221253.09+122158.7  0.0271 	10   13  0.026999  146    8   137   0.33   0.05   0.48   11.2	 9.02	-1.14	5*   2
 10990   J223137.59+130343.2  0.0367 	10   13  0.036785  396    2   376   1.16   0.09   0.53   21.7	 9.84	-0.52	1    2
 10985   J223407.83+123415.9  0.0495 	15   13  0.049508  408    7   383   0.98   0.07   0.42   22.3	10.03	-0.76	1*   2
 11016   J223619.86+141852.3  0.0375     5   16  0.037593  389    2   368   1.05   0.12   0.68   14.1	 9.82	-0.43	5*   1
 11013   J223650.63+143055.6  0.0358 	10   15  0.035815  298   16   280   0.44   0.07   0.41   11.3	 9.40	-0.80	1*   2
 11015   J223701.58+142417.4  0.0367 	 5   15  0.036475  528    4   502   1.24   0.13   0.62   13.6	 9.86	-0.90	5*   2
 11003   J223715.17+141551.3  0.0367 	25   16  0.037393  679   12   647   1.05   0.06   0.26   21.1	 9.81	-0.48	5*   2
 11019   J223810.59+142626.1  0.0360 	59   21  0.036002  299   14   279   0.12   0.03   0.16    6.8	 8.83	-1.22	2*   2
 11055   J225026.03+145510.3  0.0275 	14   15  0.027429   39   21    31   0.17   0.03   0.38   13.2	 8.76	-1.69	1*   2
 11086   J225524.42+131453.8  0.0329	15   13  0.032889  354    2   336   0.44   0.07   0.45   10.2	 9.32	-1.11   1*   3
 11071   J225726.69+130005.9  0.0257 	13   15  0.025744  254   15   240   0.36   0.05   0.36   11.2	 9.01	-1.55	1*   2
 11126   J230111.07+130932.5  0.0484 	14   16  0.048330  343    8   319   0.40   0.07   0.39    9.8	 9.62	-1.13	1*   2
 11231   J230307.96+135327.4  0.0341 	 5   13  0.034084  262    3   247   0.78   0.10   0.70   13.6	 9.60	-0.46	1*   2
 11120   J230343.06+135535.5  0.0271 	19   21  0.027092  475   81   453   0.33   0.07   0.28    7.6	 9.02	-1.38	3*   2
 11223   J230616.43+135856.3  0.0355    20   21  0.035611  344   33   322   0.40   0.06   0.30   11.1	 9.35	-1.29	1*   1
 11250   J230735.69+152754.1  0.0364 	14   15  0.036288  434    4   412   0.38   0.07   0.38    8.2	 9.34	-0.96	1*   2
 11268   J231138.88+150741.6  0.0418 	20   16  0.041826  385   14   362   0.48   0.06   0.33   13.3	 9.57	-1.15	1*   2
 11314   J231224.51+135704.5  0.0341 	10   15  0.034174  480   17   457   1.09   0.10   0.48   17.0	 9.75	-0.79	5*   2
 11312   J231225.98+135450.1  0.0339	16   13  0.034147  487    4   465   0.74   0.07   0.39   15.4	 9.58	-0.86   5*   3
 11193   J231321.76+141648.8  0.0394	85   16  0.039671  376    3   354   0.10   0.03   0.17    5.2	 8.82	-1.68   2*   3
 11298   J231330.39+140350.0  0.0394    10   16  0.039444  349    2   328   0.67   0.08   0.48   13.4	 9.66	-0.44	1    1
 11297   J231331.44+141938.6  0.0392 	89   21  0.039457  481   11   453   0.12   0.03   0.14    5.5	 8.92	-1.49	3    2
 11192   J231340.27+140127.7  0.0399	 9   13  0.039981  339   16   320   1.01   0.07   0.47   22.9	 9.85	-0.71   5    3
 11303   J231340.50+131331.8  0.0395 	25   16  0.039544  325   23   305   0.35   0.05   0.32   10.7	 9.38	-0.97	1*   2
 11285   J231516.82+133201.6  0.0395 	90   21  0.039437  345   18   322   0.13   0.03   0.12    8.5	 8.94	-1.11	1*   2
 11292   J231608.02+134918.4  0.0389	64   16  0.038807  458    2   434   0.31   0.04   0.18   13.4	 9.32	-1.22   5*   3
 11291   J231616.05+135042.9  0.0386	 5   16  0.038580  362   11   341   0.86   0.11   0.60   13.6	 9.75	-0.64   1*   3
 11347   J231647.75+153459.7  0.0388	10   13  0.038947  474    6   450   0.95   0.09   0.47   17.0	 9.80	-1.07   5*   3
 11462   J231756.35+135352.1  0.0395 	10   13  0.039694  472    2   448   0.92   0.08   0.46   16.7	 9.81	-1.09	1*   2
 11270   J231816.95+133426.6  0.0395 	90   21  0.039554  304   17   283   0.07   0.02   0.12    5.1	 8.70	-1.37	3*   2
 11349   J231836.21+151758.7  0.0256 	15   21  0.025684  251   10   235   0.39   0.06   0.35   11.1	 9.06	-1.07	1    2
 11444   J232114.19+131851.2  0.0420	 5   10  0.042059  173    2   161   1.17   0.07   0.68   28.9	 9.96	-0.73   1    3
 11437   J232215.37+140450.6  0.0264 	 5   13  0.026398  371    7   356   0.87   0.11   0.66   13.6	 9.42	-1.14	1    2
 11513   J232239.48+154405.3  0.0411 	62   21  0.041302  216   11   197   0.07   0.03   0.16    4.7	 8.75	-1.87	3*   2
 11435   J232321.31+141704.4  0.0434	16   16  0.043500  521    1   491   0.32   0.07   0.33    6.7	 9.42	-1.55   1*   3
 11514   J232326.53+152510.4  0.0428 	90   21  0.042826  337   11   313   0.10   0.03   0.16    5.4	 8.91	-1.36	3*   2
 11434   J232326.70+140753.9  0.0417	15   13  0.041839  392    9   370   0.73   0.06   0.38   18.8	 9.75	-1.21   1*   3
 11494   J232335.34+151148.8  0.0427 	13   13  0.042806  324    3   304   0.48   0.06   0.40   13.2	 9.59	-1.03	1    2
 11509   J232407.17+145006.6  0.0384	80   21  0.038126  283   28   263   0.08   0.02   0.14    5.5	 8.72	-1.78   2*   3
 11383   J232548.27+140317.2  0.0377 	18   16  0.037743  256   14   239   0.25   0.05   0.33    8.7	 9.20	-1.01	1*   2
 11386   J232611.29+140148.1  0.0462    43   21  0.046285  336    1   311   0.20   0.04   0.18    9.2	 9.28	-1.28	1*   1
 11676   J232711.15+144546.3  0.0418	15   13  0.041816  377    2   356   0.47   0.07   0.42   11.4	 9.56	-1.02   1    3
 11669   J232713.50+152831.1  0.0466	 5   13  0.046592  149    3   137   0.45   0.07   0.66   11.0	 9.64	-1.10   1*   3
 11685   J232749.71+150709.1  0.0419	10   16  0.041926  388   22   365   0.76   0.09   0.47   14.8	 9.77	-1.39   1    3
 11687   J232753.17+144239.5  0.0416 	25   16  0.041692  588    4   557   0.28   0.06   0.27    6.5	 9.34	-1.58	1    2
 11571   J232934.08+132718.3  0.0337	 5   13  0.033577  252    5   238   1.46   0.09   0.70   26.2	 9.86	-0.43   1    3
 11573   J233011.60+132656.3  0.0386	80   21  0.038617  250    4   230   0.08   0.02   0.14    5.2	 8.70	-1.77   2*   3
 11697   J233113.42+151402.9  0.0312 	15   13  0.031198  297    9   282   0.33   0.06   0.39    9.8	 9.15	-0.87	1    2
 11727   J233341.93+140429.8  0.0328 	43   15  0.032893  271    1   254   0.10   0.03   0.21    5.3	 8.68	-1.72	3    2
 11763   J234157.75+151407.2  0.0256 	13   12  0.025548  298    4   284   1.16   0.06   0.41   32.9	 9.52	-0.69	5*   2
 11808   J235257.31+154244.8  0.0479 	45   21  0.048033  421   11   392   0.19   0.05   0.21    6.6	 9.29	-1.49	3*   2
 11815   J235308.28+160351.9  0.0491 	13   21  0.048924  889    3   837   0.87   0.11   0.33    9.1	 9.97	-1.15	5*   2
 11845   J235644.47+135435.4  0.0363 	 5   21  0.036522  288   22   268   1.20   0.10   0.54   20.2	 9.85	-0.75	5*   2
 11824   J235747.57+153649.2  0.0380 	 9   16  0.037973  306    8   288   0.54   0.09   0.52   10.5	 9.53	-0.72	1*   2
